3		0	1
11		0	1
47		0	2
60		0	2
62		0	2
79		0	1
81		0	1
82		0	2
90		0	2
106		0	1
113		0	2
125		0	1
133		0	4
134		0	1
231		0	1
245		0	1
255		0	2
272		0	1
293		0	1
297		0	1
300		0	1
307		0	1
321		0	0
322		0	1
337		0	1
344		0	1
353		0	6
376		0	1
378		0	2
412		0	1
422		0	1
441		0	1
446		0	1
451		0	2
483		0	2
506		0	1
531		0	1
534		0	2
543		0	2
573		0	1
581		0	1
586		0	1
610		0	1
638		0	2
643		0	1
661		0	1
670		0	1
687		0	6
706		0	1
720		0	1
728		0	1
758		0	2
774		0	1
782		0	1
788		0	2
807		0	4
813		0	1
839		0	1
840		0	2
843		0	2
867		0	1
880		0	1
887		0	1
893		0	1
903		0	1
906		0	0
917		0	1
946		0	2
960		0	1
1017		0	1
1033		0	2
1045		0	1
1049		0	1
1066		0	1
1076		0	1
1116		0	1
1121		0	2
1126		0	1
1139		0	1
1159		0	1
1168		0	1
1174		0	1
1186		0	1
1200		0	1
1211		0	1
1224		0	1
1242		0	1
1273		0	2
1276		0	2
1381		0	2
1383		0	1
1399		0	4
1428		0	1
1484		0	1
1489		0	1
1509		0	1
1511		0	2
1515		0	1
1522		0	4
1552		0	1
1603		0	2
1660		0	1
1712		0	1
1713		0	1
1715		0	1
1731		0	1
1751		0	1
1776		0	4
1796		0	1
1854		0	1
1866		0	1
1878		0	2
1962		0	1
1996		0	1
2005		0	1
2051		0	1
2053		0	1
2093		0	1
2157		0	1
2166		0	2
2195		0	1
2210		0	2
2214		0	2
2243		0	1
2272		0	1
2281		0	1
2283		0	1
2316		0	1
2395		0	1
2412		0	1
2423		0	1
2433		0	1
2447		0	1
2451		0	1
2455		0	2
2479		0	1
2493		0	1
2502		0	2
2511		0	1
2522		0	2
2526		0	1
2528		0	1
2532		0	2
2612		0	2
2619		0	1
2621		0	1
2632		0	1
2646		0	1
2679		0	1
2681		0	2
2683		0	2
2733		0	1
2763		0	1
2805		0	1
2859		0	1
2860		0	1
2861		0	1
2887		0	1
2896		0	1
2926		0	1
2933		0	4
2936		0	1
2937		0	1
2954		0	1
2969		0	1
3015		0	0
3046		0	2
3119		0	2
3121		0	2
3137		0	5
3157		0	1
3251		0	1
3261		0	2
3278		0	2
3324		0	1
3350		0	1
3354		0	1
3386		0	1
3420		0	1
3447		0	1
3452		0	1
3488		0	4
3489		0	1
3519		0	4
3525		0	2
3539		0	1
3543		0	2
3552		0	2
3556		0	5
3561		0	1
3568		0	1
3569		0	1
3572		0	1
3586		0	2
3593		0	1
3643		0	5
3652		0	0
3677		0	1
3723		0	0
3753		0	2
3755		0	1
3766		0	1
3784		0	1
3793		0	1
3803		0	2
3841		0	2
3887		0	1
3904		0	1
3935		0	1
3947		0	1
3973		0	1
4021		0	2
4052		0	1
4090		0	1
4107		0	0
4112		0	2
4141		0	1
4144		0	2
4147		0	1
4152		0	1
4171		0	1
4185		0	2
4219		0	1
4249		0	4
4275		0	1
4340		0	4
4352		0	1
4386		0	4
4395		0	2
4407		0	6
4437		0	1
4446		0	4
4451		0	2
4525		0	1
4593		0	1
4669		0	2
4678		0	2
4712		0	1
4753		0	1
4775		0	2
4799		0	1
4819		0	4
4823		0	1
4827		0	2
4837		0	1
4911		0	1
4926		0	2
4945		0	1
4950		0	2
4967		0	1
4968		0	4
4985		0	1
4990		0	2
4993		0	1
5005		0	1
5015		0	1
5032		0	1
5084		0	1
5100		0	4
5122		0	1
5123		0	1
5144		0	4
5145		0	0
5176		0	2
5197		0	2
5215		0	1
5224		0	1
5226		0	1
5234		0	1
5241		0	1
5319		0	1
5328		0	4
5331		0	1
5347		0	2
5365		0	1
5391		0	1
5397		0	1
5417		0	2
5425		0	1
5435		0	2
5474		0	2
5479		0	1
5481		0	2
5499		0	1
5508		0	1
5520		0	1
5542		0	1
5550		0	1
5556		0	1
5563		0	2
5566		0	1
5594		0	2
5596		0	2
5615		0	1
5654		0	1
5684		0	1
5695		0	2
5703		0	4
5708		0	2
5711		0	1
5732		0	1
5749		0	1
5761		0	1
5786		0	2
5791		0	1
5801		0	4
5836		0	1
5870		0	1
5898		0	2
5912		0	2
5924		0	1
5954		0	1
5955		0	1
5958		0	2
5987		0	1
6011		0	1
6025		0	1
6026		0	1
6118		0	2
6125		0	0
6130		0	2
6223		0	2
6229		0	1
6233		0	1
6261		0	2
6271		0	2
6292		0	4
6296		0	2
6329		0	2
6330		0	5
6334		0	4
6357		0	1
6375		0	1
6402		0	1
6447		0	2
6452		0	1
6457		0	1
6464		0	2
6465		0	1
6478		0	1
6484		0	1
6486		0	2
6503		0	1
6510		0	1
6534		0	1
6556		0	4
6563		0	1
6602		0	1
6604		0	1
6612		0	1
6642		0	2
6688		0	1
6689		0	1
6690		0	2
6737		0	1
6740		0	2
6746		0	1
6772		0	1
6782		0	0
6784		0	1
6805		0	1
6806		0	1
6822		0	0
6840		0	1
6842		0	1
6862		0	1
6866		0	1
6874		0	0
6882		0	2
6917		0	4
6924		0	2
6958		0	2
6965		0	1
7016		0	2
7049		0	2
7081		0	1
7112		0	1
7119		0	1
7139		0	1
7141		0	1
7177		0	2
7180		0	1
7197		0	1
7244		0	2
7260		0	1
7261		0	2
7290		0	1
7303		0	1
7304		0	1
7317		0	1
7320		0	2
7327		0	1
7336		0	4
7351		0	1
7362		0	2
7371		0	1
7382		0	1
7448		0	1
7476		0	1
7551		0	0
7561		0	2
7563		0	1
7569		0	2
7582		0	4
7590		0	1
7592		0	1
7606		0	1
7609		0	2
7612		0	1
7633		0	1
7702		0	2
7709		0	2
7717		0	1
7730		0	1
7755		0	1
7757		0	1
7765		0	2
7771		0	1
7778		0	1
7794		0	2
7855		0	1
7909		0	1
7919		0	2
7925		0	1
7958		0	1
7982		0	2
8002		0	1
8012		0	0
8023		0	1
8024		0	1
8025		0	1
8063		0	1
8066		0	2
8071		0	1
8074		0	2
8077		0	1
8101		0	1
8125		0	1
8179		0	4
8181		0	1
8188		0	1
8293		0	1
8327		0	0
8331		0	2
8334		0	1
8349		0	1
8354		0	2
8368		0	0
8405		0	1
8442		0	2
8452		0	1
8453		0	1
8470		0	1
8474		0	2
8477		0	1
8528		0	1
8539		0	1
8548		0	1
8586		0	1
8591		0	1
8593		0	2
8599		0	2
8612		0	4
8621		0	1
8635		0	2
8639		0	1
8640		0	1
8647		0	5
8659		0	1
8666		0	2
8693		0	4
8710		0	4
8714		0	2
8753		0	1
8764		0	0
8783		0	2
8784		0	2
8814		0	1
8815		0	4
8836		0	2
8846		0	2
8862		0	1
8873		0	2
8878		0	1
8883		0	1
8893		0	2
8909		0	2
8955		0	1
8971		0	1
9045		0	1
9084		0	1
9143		0	1
9145		0	1
9150		0	1
9177		0	2
9208		0	1
9222		0	1
9233		0	1
9234		0	1
9272		0	2
9285		0	4
9301		0	2
9318		0	1
9319		0	1
9334		0	1
9355		0	2
9370		0	2
9393		0	1
9395		0	1
9432		0	1
9497		0	5
9498		0	1
9540		0	2
9548		0	1
9613		0	1
9622		0	1
9634		0	1
9646		0	4
9648		0	1
9674		0	1
9702		0	2
9706		0	2
9715		0	2
9723		0	1
9732		0	1
9742		0	1
9776		0	2
9805		0	4
9823		0	1
9853		0	1
9855		0	1
9866		0	5
9870		0	1
9883		0	1
9906		0	1
9943		0	1
9956		0	1
9991		0	2
10004		0	4
10039		0	2
10040		0	1
10113		0	2
10116		0	2
10131		0	1
10176		0	2
10197		0	2
10222		0	1
10246		0	2
10302		0	1
10311		0	2
10320		0	1
10332		0	2
10353		0	1
10363		0	1
10378		0	2
10379		0	1
10400		0	2
10404		0	1
10433		0	1
10443		0	2
10454		0	2
10513		0	2
10521		0	1
10526		0	2
10531		0	1
10542		0	4
10567		0	1
10586		0	1
10588		0	2
10590		0	1
10595		0	2
10603		0	2
10613		0	1
10621		0	2
10635		0	1
10704		0	1
10720		0	1
10731		0	2
10733		0	2
10739		0	1
10774		0	1
10803		0	4
10825		0	2
10828		0	1
10841		0	1
10848		0	1
10879		0	6
10885		0	1
10900		0	1
10914		0	1
10916		0	1
10919		0	1
10957		0	0
10965		0	2
10973		0	1
10994		0	2
11008		0	1
11028		0	1
11040		0	1
11067		0	2
11086		0	2
11102		0	1
11109		0	1
11114		0	6
11126		0	2
11135		0	1
11153		0	1
11157		0	1
11165		0	6
11184		0	1
11189		0	0
11198		0	1
11201		0	5
11216		0	2
11269		0	0
11276		0	5
11284		0	2
11294		0	1
11301		0	4
11304		0	0
11309		0	1
11338		0	1
11346		0	4
11349		0	1
11393		0	2
11394		0	1
11397		0	1
11417		0	4
11424		0	1
11518		0	2
11585		0	1
11590		0	1
11601		0	1
11615		0	1
11617		0	2
11625		0	2
11635		0	1
11642		0	1
11659		0	2
11682		0	2
11697		0	6
11704		0	2
11733		0	1
11747		0	1
11748		0	1
11776		0	1
11779		0	1
11803		0	2
11809		0	5
11833		0	5
11861		0	1
11888		0	1
11905		0	1
11908		0	4
11919		0	1
11926		0	1
11930		0	2
11940		0	1
11993		0	1
12012		0	2
12025		0	4
12067		0	1
12073		0	1
12107		0	1
12109		0	1
12117		0	1
12118		0	1
12124		0	1
12128		0	0
12156		0	1
12179		0	1
12182		0	2
12194		0	2
12196		0	4
12199		0	1
12209		0	2
12234		0	1
12272		0	2
12276		0	1
12312		0	0
12334		0	2
12338		0	2
12357		0	2
12410		0	2
12422		0	2
12443		0	2
12448		0	1
12452		0	4
12460		0	1
12500		0	1
12508		0	2
12517		0	2
12531		0	1
12539		0	5
12578		0	1
12585		0	4
12591		0	0
12595		0	2
12622		0	1
12645		0	1
12670		0	4
12673		0	1
12689		0	1
12734		0	1
12766		0	2
12768		0	6
12775		0	2
12800		0	1
12815		0	1
12830		0	2
12864		0	1
12865		0	1
12868		0	4
12887		0	1
12929		0	2
12938		0	1
12952		0	1
12979		0	5
12994		0	1
13012		0	1
13027		0	4
13028		0	1
13035		0	1
13043		0	1
13044		0	1
13048		0	2
13055		0	1
13080		0	1
13084		0	2
13090		0	2
13094		0	1
13115		0	1
13134		0	2
13138		0	1
13140		0	2
13142		0	1
13144		0	1
13199		0	4
13218		0	1
13289		0	2
13290		0	1
13318		0	1
13342		0	1
13352		0	2
13358		0	0
13364		0	1
13370		0	1
13395		0	1
13397		0	1
13432		0	1
13440		0	1
13490		0	1
13520		0	1
13574		0	1
13602		0	2
13615		0	4
13616		0	1
13629		0	2
13641		0	6
13654		0	1
13655		0	1
13674		0	1
13714		0	1
13723		0	4
13743		0	1
13744		0	1
13748		0	2
13752		0	4
13766		0	2
13803		0	1
13831		0	0
13837		0	2
13869		0	6
13874		0	5
13876		0	1
13902		0	1
13905		0	1
13912		0	2
13940		0	2
13942		0	4
13950		0	1
13961		0	4
13964		0	5
13973		0	1
13985		0	2
13993		0	1
14001		0	1
14022		0	4
14030		0	1
14058		0	0
14116		0	2
14130		0	6
14132		0	4
14151		0	1
14163		0	1
14208		0	1
14211		0	1
14221		0	2
14243		0	4
14304		0	1
14348		0	1
14354		0	1
14369		0	1
14410		0	1
14414		0	1
14419		0	2
14421		0	4
14465		0	1
14470		0	2
14485		0	1
14511		0	2
14535		0	1
14566		0	1
14568		0	1
14578		0	1
14623		0	1
14648		0	1
14670		0	4
14677		0	1
14683		0	1
14690		0	4
14708		0	1
14718		0	2
14724		0	1
14726		0	1
14731		0	1
14768		0	2
14818		0	2
14830		0	1
14868		0	1
14871		0	1
14882		0	1
14887		0	1
14903		0	2
14926		0	2
14936		0	2
14941		0	1
14943		0	1
14956		0	1
14967		0	1
14975		0	1
14991		0	2
14996		0	1
15053		0	4
15074		0	0
15077		0	1
15078		0	1
15081		0	2
15083		0	1
15135		0	2
15150		0	1
15155		0	1
15170		0	0
15190		0	1
15197		0	1
15236		0	2
15260		0	2
15270		0	1
15279		0	1
15288		0	4
15299		0	2
15303		0	4
15314		0	2
15339		0	1
15410		0	0
15411		0	5
15412		0	1
15429		0	1
15463		0	1
15500		0	1
15506		0	1
15514		0	2
15536		0	1
15544		0	1
15546		0	1
15548		0	1
15568		0	1
15584		0	1
15609		0	2
15623		0	2
15627		0	1
15650		0	2
15653		0	2
15666		0	2
15722		0	2
15732		0	1
15734		0	1
15755		0	0
15756		0	1
15801		0	2
15803		0	2
15805		0	1
15854		0	2
15858		0	1
15904		0	1
15925		0	1
15937		0	1
15941		0	2
15951		0	2
15962		0	1
15976		0	4
15980		0	4
16023		0	1
16033		0	1
16040		0	1
16079		0	1
16089		0	2
16103		0	5
16110		0	4
16130		0	1
16140		0	1
16142		0	1
16162		0	4
16206		0	1
16217		0	1
16223		0	1
16225		0	1
16267		0	1
16283		0	1
16314		0	1
16315		0	1
16321		0	1
16399		0	1
16408		0	1
16417		0	4
16441		0	2
16455		0	1
16458		0	1
16500		0	1
16502		0	1
16516		0	4
16518		0	1
16519		0	1
16534		0	1
16546		0	1
16566		0	2
16611		0	2
16614		0	1
16638		0	4
16643		0	1
16652		0	1
16658		0	1
16670		0	1
16676		0	2
16682		0	2
16698		0	0
16708		0	1
16709		0	6
16727		0	2
16733		0	1
16749		0	2
16753		0	1
16771		0	0
16779		0	1
16794		0	1
16809		0	1
16829		0	4
16836		0	1
16850		0	1
16894		0	1
16909		0	1
16923		0	2
16962		0	6
16991		0	1
17003		0	1
17008		0	2
17017		0	2
17034		0	2
17043		0	1
17051		0	2
17073		0	1
17085		0	1
17088		0	1
17089		0	1
17099		0	0
17123		0	1
17130		0	1
17132		0	2
17133		0	2
17147		0	2
17154		0	5
17170		0	1
17207		0	2
17217		0	1
17225		0	2
17258		0	1
17271		0	4
17284		0	1
17299		0	1
17426		0	1
17441		0	2
17444		0	2
17455		0	2
17475		0	2
17503		0	1
17536		0	2
17558		0	2
17581		0	1
17601		0	2
17605		0	4
17610		0	1
17633		0	1
17678		0	1
17679		0	1
17738		0	1
17739		0	1
17754		0	1
17791		0	2
17827		0	4
17835		0	2
17841		0	2
17844		0	4
17869		0	1
17881		0	1
17883		0	4
17886		0	2
17888		0	4
17901		0	1
17907		0	2
17914		0	1
17918		0	1
17949		0	0
17951		0	1
17983		0	1
17991		0	4
17997		0	1
18004		0	1
18025		0	5
18069		0	1
18071		0	2
18078		0	1
18097		0	1
18119		0	1
18124		0	1
18142		0	1
18161		0	2
18178		0	5
18200		0	1
18211		0	2
18220		0	1
18225		0	4
18262		0	2
18268		0	2
18290		0	2
18300		0	1
18327		0	0
18328		0	1
18330		0	1
18337		0	1
18340		0	2
18370		0	0
18373		0	1
18401		0	5
18404		0	6
18451		0	1
18452		0	1
18484		0	2
18500		0	1
18516		0	0
18519		0	5
18563		0	1
18607		0	1
18654		0	1
18664		0	2
18667		0	1
18677		0	1
18678		0	1
18682		0	1
18706		0	1
18708		0	4
18721		0	1
18726		0	1
18744		0	1
18767		0	1
18770		0	2
18789		0	1
18796		0	1
18859		0	1
18925		0	0
18936		0	1
18948		0	1
18951		0	2
18999		0	1
19004		0	2
19031		0	1
19042		0	4
19068		0	2
19074		0	1
19079		0	2
19095		0	2
19111		0	4
19116		0	0
19122		0	4
19125		0	1
19180		0	1
19232		0	1
19242		0	2
19264		0	1
19275		0	2
19278		0	1
19279		0	2
19315		0	2
19326		0	4
19330		0	1
19333		0	1
19341		0	1
19369		0	4
19391		0	4
19399		0	1
19402		0	1
19413		0	1
19421		0	1
19430		0	1
19441		0	1
19443		0	1
19461		0	4
19469		0	1
19482		0	4
19484		0	1
19499		0	5
19517		0	1
19524		0	1
19534		0	1
19558		0	1
19562		0	1
19576		0	5
19578		0	1
19582		0	0
19590		0	5
19594		0	1
19597		0	1
19599		0	1
19626		0	2
19655		0	1
19684		0	1
19699		0	2
19751		0	5
19767		0	2
19777		0	2
19783		0	1
19795		0	1
19882		0	2
19914		0	2
19918		0	1
19934		0	4
19938		0	2
19968		0	2
19976		0	1
19986		0	4
20025		0	1
20069		0	1
20070		0	1
20077		0	1
20080		0	2
20144		0	1
20153		0	2
20190		0	4
20191		0	1
20192		0	2
20195		0	4
20196		0	0
20197		0	1
20204		0	2
20220		0	1
20231		0	1
20233		0	6
20234		0	1
20251		0	1
20252		0	1
20277		0	1
20290		0	2
20333		0	2
20336		0	2
20338		0	1
20342		0	1
20390		0	2
20391		0	2
20407		0	2
20413		0	4
20415		0	2
20476		0	2
20483		0	2
20503		0	2
20513		0	1
20514		0	2
20520		0	1
20559		0	2
20583		0	1
20603		0	4
20607		0	1
20610		0	1
20614		0	1
20632		0	1
20655		0	1
20659		0	2
20692		0	1
20697		0	2
20704		0	6
20730		0	1
20741		0	0
20749		0	2
20778		0	0
20790		0	1
20791		0	1
20797		0	0
20809		0	4
20858		0	1
20909		0	4
20936		0	1
20996		0	1
21015		0	2
21029		0	1
21059		0	2
21064		0	2
21080		0	0
21096		0	1
21102		0	0
21108		0	1
21132		0	1
21135		0	4
21163		0	2
21165		0	0
21217		0	1
21225		0	2
21227		0	2
21250		0	1
21256		0	2
21257		0	5
21260		0	2
21263		0	1
21269		0	4
21283		0	4
21286		0	2
21288		0	2
21308		0	2
21342		0	1
21387		0	1
21407		0	4
21410		0	4
21422		0	0
21436		0	1
21442		0	2
21445		0	1
21453		0	1
21479		0	1
21486		0	1
21489		0	1
21504		0	1
21542		0	2
21550		0	2
21559		0	1
21567		0	2
21577		0	2
21589		0	1
21633		0	4
21643		0	1
21649		0	1
21657		0	1
21668		0	2
21704		0	1
21733		0	2
21752		0	1
21768		0	1
21773		0	4
21794		0	4
21837		0	4
21842		0	1
21844		0	1
21845		0	1
21877		0	4
21929		0	4
21932		0	1
21941		0	1
21957		0	2
21963		0	1
21971		0	1
21980		0	1
22005		0	4
22025		0	2
22028		0	1
22034		0	2
22040		0	4
22051		0	1
22059		0	1
22069		0	1
22079		0	1
22103		0	2
22158		0	2
22180		0	1
22192		0	2
22199		0	1
22216		0	2
22251		0	1
22269		0	2
22272		0	1
22298		0	4
22362		0	1
22363		0	4
22377		0	1
22389		0	2
22428		0	1
22443		0	1
22453		0	1
22500		0	1
22508		0	1
22509		0	1
22519		0	1
22521		0	1
22526		0	1
22557		0	1
22575		0	1
22584		0	1
22590		0	1
22618		0	2
22622		0	1
22646		0	1
22657		0	1
22694		0	5
22707		0	4
22711		0	2
22751		0	1
22753		0	2
22771		0	2
22780		0	1
22828		0	1
22835		0	1
22861		0	0
22897		0	2
22903		0	2
22918		0	1
22920		0	1
22941		0	1
22955		0	4
22958		0	4
22998		0	2
23000		0	2
23026		0	2
23036		0	1
23040		0	1
23082		0	1
23088		0	1
23131		0	1
23192		0	1
23208		0	2
23211		0	1
23249		0	1
23261		0	1
23268		0	2
23324		0	2
23325		0	4
23374		0	0
23381		0	1
23385		0	2
23401		0	1
23430		0	2
23438		0	2
23445		0	4
23466		0	4
23472		0	4
23479		0	4
23535		0	4
23557		0	1
23626		0	4
23686		0	1
23725		0	2
23738		0	1
23752		0	2
23753		0	5
23774		0	1
23790		0	1
23819		0	1
23820		0	1
23827		0	4
23829		0	1
23842		0	1
23861		0	1
23865		0	6
23876		0	1
23882		0	1
23890		0	2
23896		0	4
23908		0	2
23924		0	1
23933		0	1
23937		0	1
23975		0	1
23981		0	1
23982		0	4
23998		0	1
24006		0	1
24047		0	1
24051		0	2
24077		0	2
24101		0	2
24103		0	4
24140		0	4
24156		0	2
24200		0	0
24244		0	1
24246		0	2
24253		0	1
24262		0	1
24288		0	4
24299		0	1
24325		0	4
24327		0	1
24332		0	2
24350		0	1
24366		0	2
24370		0	1
24382		0	2
24386		0	2
24404		0	1
24417		0	2
24433		0	4
24455		0	2
24479		0	4
24517		0	2
24556		0	1
24561		0	5
24563		0	2
24598		0	2
24627		0	1
24652		0	1
24653		0	2
24655		0	1
24658		0	2
24667		0	1
24671		0	2
24673		0	4
24708		0	1
24722		0	2
24727		0	2
24737		0	1
24745		0	5
24775		0	2
24799		0	1
24807		0	1
24813		0	1
24814		0	1
24832		0	2
24847		0	2
24856		0	6
24870		0	4
24879		0	2
24890		0	2
24923		0	2
24962		0	4
24991		0	4
24999		0	1
25008		0	4
25014		0	2
25015		0	1
25018		0	1
25047		0	1
25058		0	2
25064		0	1
25100		0	1
25101		0	1
25102		0	1
25116		0	0
25125		0	2
25129		0	1
25132		0	2
25140		0	1
25158		0	1
25186		0	1
25191		0	1
25195		0	1
25200		0	1
25230		0	1
25233		0	1
25234		0	2
25244		0	2
25249		0	0
25301		0	1
25334		0	2
25337		0	5
25346		0	2
25347		0	2
25351		0	5
25356		0	2
25361		0	1
25389		0	1
25419		0	2
25424		0	1
25437		0	1
25442		0	1
25444		0	4
25446		0	5
25459		0	2
25478		0	2
25487		0	5
25502		0	2
25503		0	1
25518		0	5
25525		0	2
25545		0	1
25552		0	1
25568		0	2
25580		0	1
25593		0	2
25594		0	4
25601		0	1
25602		0	2
25626		0	0
25629		0	1
25662		0	1
25666		0	1
25687		0	1
25696		0	2
25697		0	4
25700		0	1
25710		0	4
25735		0	1
25757		0	0
25762		0	1
25778		0	1
25787		0	1
25805		0	2
25810		0	1
25844		0	1
25852		0	1
25854		0	4
25861		0	1
25867		0	4
25871		0	1
25872		0	1
25874		0	2
25881		0	2
25889		0	2
25906		0	1
25938		0	2
25944		0	4
25950		0	1
25952		0	1
25953		0	0
25963		0	2
25983		0	2
25992		0	1
25998		0	1
26023		0	1
26024		0	1
26037		0	1
26039		0	0
26043		0	2
26057		0	2
26068		0	0
26073		0	2
26082		0	0
26085		0	2
26088		0	2
26091		0	1
26110		0	0
26126		0	1
26158		0	1
26168		0	1
26195		0	1
26202		0	0
26225		0	1
26226		0	1
26236		0	1
26244		0	1
26247		0	2
26257		0	2
26259		0	4
26284		0	1
26300		0	1
26315		0	0
26320		0	1
26321		0	1
26341		0	1
26369		0	4
26389		0	0
26393		0	1
26395		0	4
26434		0	2
26437		0	1
26462		0	6
26463		0	1
26466		0	2
26467		0	2
26476		0	1
26488		0	1
26495		0	2
26509		0	1
26524		0	2
26530		0	1
26531		0	4
26536		0	6
26558		0	1
26567		0	2
26602		0	6
26605		0	2
26623		0	1
26626		0	1
26639		0	2
26652		0	5
26660		0	2
26672		0	1
26694		0	1
26705		0	5
26710		0	5
26712		0	4
26717		0	1
26721		0	6
26736		0	1
26749		0	2
26758		0	4
26788		0	4
26806		0	1
26888		0	1
26907		0	2
26910		0	2
26911		0	1
26920		0	1
26921		0	1
26933		0	1
26939		0	2
26998		0	1
27023		0	4
27046		0	1
27050		0	1
27066		0	1
27088		0	1
27111		0	1
27132		0	2
27152		0	1
27181		0	4
27198		0	4
27200		0	1
27212		0	1
27213		0	1
27219		0	0
27238		0	2
27242		0	2
27253		0	4
27261		0	1
27277		0	2
27281		0	1
27303		0	0
27332		0	4
27344		0	2
27359		0	4
27360		0	2
27373		0	1
27375		0	2
27386		0	1
27409		0	2
27413		0	1
27420		0	1
27424		0	1
27425		0	1
27438		0	2
27472		0	2
27474		0	1
27520		0	1
27536		0	4
27538		0	5
27566		0	1
27569		0	2
27578		0	2
27605		0	1
27612		0	4
27613		0	2
27640		0	1
27648		0	1
27654		0	2
27659		0	1
27664		0	2
27696		0	1
27714		0	4
27723		0	0
27748		0	1
27751		0	5
27794		0	1
27798		0	1
27813		0	1
27815		0	2
27818		0	1
27835		0	2
27896		0	1
27898		0	1
27912		0	1
27931		0	0
27943		0	2
27973		0	2
27978		0	4
27985		0	1
27995		0	1
28007		0	1
28012		0	4
28016		0	1
28027		0	5
28031		0	4
28039		0	1
28053		0	2
28059		0	1
28071		0	6
28100		0	1
28116		0	0
28153		0	2
28155		0	1
28158		0	1
28180		0	1
28182		0	6
28183		0	1
28185		0	1
28200		0	2
28209		0	2
28219		0	1
28221		0	1
28236		0	1
28246		0	1
28281		0	2
28292		0	5
28308		0	2
28311		0	5
28314		0	2
28324		0	5
28336		0	0
28368		0	1
28377		0	2
28393		0	4
28412		0	1
28442		0	2
28446		0	1
28465		0	4
28479		0	1
28494		0	4
28499		0	1
28501		0	1
28522		0	1
28529		0	1
28569		0	1
28572		0	1
28575		0	1
28586		0	1
28592		0	1
28604		0	2
28614		0	1
28626		0	2
28632		0	5
28641		0	4
28643		0	0
28644		0	1
28666		0	2
28671		0	1
28673		0	1
28682		0	2
28693		0	2
28719		0	1
28721		0	1
28748		0	2
28751		0	1
28766		0	2
28785		0	5
28790		0	2
28799		0	5
28802		0	1
28810		0	1
28811		0	0
28829		0	2
28837		0	1
28838		0	1
28842		0	1
28856		0	1
28860		0	2
28874		0	2
28895		0	1
28900		0	6
28903		0	0
28979		0	1
28985		0	1
28991		0	0
29009		0	2
29013		0	1
29017		0	2
29036		0	2
29054		0	2
29079		0	1
29080		0	2
29096		0	1
29100		0	2
29112		0	2
29113		0	1
29124		0	2
29143		0	1
29158		0	2
29209		0	1
29217		0	2
29218		0	2
29229		0	1
29238		0	1
29241		0	1
29277		0	2
29284		0	2
29309		0	1
29320		0	0
29323		0	1
29331		0	2
29339		0	2
29371		0	2
29386		0	4
29395		0	2
29399		0	1
29409		0	4
29413		0	1
29422		0	2
29440		0	1
29479		0	4
29492		0	1
29493		0	1
29501		0	4
29542		0	4
29569		0	1
29585		0	4
29595		0	4
29598		0	1
29602		0	5
29626		0	1
29629		0	1
29630		0	6
29633		0	2
29659		0	1
29662		0	1
29688		0	5
29692		0	1
29714		0	2
29717		0	4
29718		0	2
29727		0	1
29768		0	1
29771		0	4
29782		0	1
29783		0	1
29820		0	1
29830		0	1
29835		0	1
29853		0	4
29867		0	4
29899		0	1
29915		0	4
29932		0	1
29935		0	4
29956		0	2
29970		0	1
29975		0	1
29977		0	1
30006		0	1
30008		0	1
30014		0	2
30021		0	2
30022		0	1
30025		0	1
30044		0	1
30075		0	1
30078		0	1
30085		0	2
30108		0	1
30109		0	1
30133		0	1
30164		0	1
30166		0	1
30172		0	1
30198		0	2
30202		0	1
30204		0	1
30224		0	2
30227		0	0
30245		0	1
30255		0	1
30261		0	5
30270		0	2
30300		0	4
30328		0	0
30329		0	5
30332		0	1
30371		0	5
30384		0	2
30386		0	1
30403		0	1
30411		0	0
30412		0	2
30418		0	2
30429		0	2
30433		0	2
30448		0	2
30459		0	1
30468		0	2
30472		0	4
30484		0	4
30486		0	1
30490		0	2
30521		0	1
30566		0	1
30580		0	1
30605		0	4
30609		0	2
30616		0	1
30620		0	4
30630		0	4
30649		0	1
30654		0	6
30664		0	1
30684		0	2
30731		0	4
30755		0	1
30777		0	1
30801		0	1
30814		0	5
30815		0	1
30816		0	1
30829		0	2
30830		0	2
30832		0	1
30851		0	1
30852		0	4
30857		0	1
30864		0	2
30867		0	1
30876		0	6
30893		0	2
30909		0	1
30917		0	1
30926		0	4
30960		0	4
30961		0	1
30973		0	4
30985		0	1
30986		0	1
31003		0	2
31005		0	4
31006		0	0
31025		0	1
31031		0	2
31048		0	1
31051		0	4
31078		0	1
31088		0	1
31102		0	1
31107		0	4
31110		0	1
31114		0	2
31127		0	1
31202		0	1
31213		0	1
31261		0	1
31264		0	4
31290		0	2
31296		0	2
31298		0	1
31349		0	4
31353		0	2
31383		0	1
31386		0	1
31393		0	0
31400		0	2
31406		0	1
31407		0	4
31419		0	4
31427		0	1
31428		0	1
31430		0	2
31439		0	1
31461		0	4
31468		0	1
31476		0	2
31494		0	4
31497		0	1
31502		0	2
31505		0	1
31562		0	2
31576		0	1
31579		0	2
31585		0	4
31590		0	1
31593		0	1
31635		0	2
31662		0	4
31668		0	2
31672		0	1
31673		0	1
31685		0	4
31744		0	1
31762		0	2
31776		0	2
31785		0	1
31805		0	1
31809		0	5
31823		0	4
31825		0	1
31841		0	4
31843		0	1
31845		0	1
31850		0	1
31855		0	5
31859		0	2
31861		0	4
31899		0	1
31902		0	5
31926		0	0
31930		0	1
31983		0	0
31996		0	1
31998		0	1
32008		0	2
32013		0	6
32017		0	2
32027		0	4
32037		0	2
32042		0	2
32055		0	1
32063		0	1
32075		0	0
32117		0	4
32153		0	0
32169		0	1
32186		0	1
32238		0	1
32275		0	1
32284		0	0
32309		0	4
32319		0	2
32324		0	1
32332		0	1
32334		0	1
32354		0	2
32358		0	1
32366		0	2
32380		0	2
32388		0	1
32404		0	4
32409		0	1
32456		0	1
32471		0	1
32473		0	1
32482		0	2
32487		0	4
32493		0	1
32496		0	1
32498		0	4
32546		0	0
32566		0	1
32570		0	5
32586		0	2
32594		0	4
32608		0	2
32615		0	1
32625		0	2
32690		0	2
32712		0	1
32716		0	4
32745		0	2
32751		0	1
32758		0	1
32784		0	1
32807		0	1
32816		0	1
32822		0	1
32828		0	0
32840		0	6
32872		0	2
32875		0	2
32884		0	5
32889		0	4
32911		0	2
32913		0	4
32924		0	1
32948		0	1
32954		0	4
32957		0	1
32968		0	4
32983		0	1
32985		0	1
32993		0	1
33034		0	1
33042		0	2
33049		0	1
33055		0	1
33075		0	1
33083		0	1
33091		0	5
33099		0	1
33108		0	1
33124		0	4
33132		0	6
33137		0	1
33139		0	4
33156		0	0
33160		0	4
33161		0	2
33179		0	1
33183		0	1
33191		0	0
33195		0	5
33200		0	1
33234		0	1
33247		0	2
33251		0	4
33253		0	2
33261		0	0
33263		0	1
33272		0	1
33276		0	1
33280		0	1
33281		0	6
33297		0	1
33320		0	0
33324		0	1
33331		0	1
33353		0	1
33354		0	1
33357		0	1
33366		0	1
33371		0	1
33401		0	2
33424		0	1
33428		0	2
33460		0	1
33461		0	1
33481		0	5
33488		0	4
33492		0	1
33493		0	1
33499		0	1
33503		0	1
33510		0	0
33522		0	4
33545		0	2
33585		0	2
33586		0	2
33606		0	1
33612		0	1
33638		0	1
33639		0	4
33643		0	4
33670		0	1
33676		0	1
33707		0	0
33709		0	2
33720		0	1
33723		0	6
33728		0	2
33731		0	1
33732		0	0
33740		0	1
33761		0	1
33766		0	1
33773		0	1
33778		0	2
33789		0	2
33795		0	0
33817		0	1
33821		0	1
33830		0	4
33831		0	1
33847		0	1
33853		0	1
33863		0	0
33879		0	5
33902		0	1
33914		0	1
33921		0	1
33923		0	2
33925		0	1
33943		0	1
33956		0	2
33976		0	0
33987		0	1
34037		0	2
34041		0	1
34056		0	1
34073		0	2
34075		0	1
34099		0	2
34127		0	5
34167		0	2
34190		0	5
34209		0	1
34212		0	1
34217		0	2
34221		0	1
34223		0	2
34234		0	2
34254		0	2
34265		0	5
34311		0	4
34330		0	1
34332		0	4
34333		0	4
34338		0	1
34339		0	4
34394		0	0
34395		0	1
34416		0	2
34422		0	1
34454		0	2
34479		0	0
34493		0	1
34507		0	2
34531		0	1
34537		0	2
34572		0	4
34577		0	1
34598		0	5
34609		0	1
34616		0	2
34634		0	4
34640		0	2
34648		0	1
34677		0	2
34682		0	4
34711		0	4
34722		0	1
34730		0	1
34732		0	1
34733		0	4
34773		0	2
34801		0	1
34816		0	1
34833		0	1
34843		0	1
34853		0	1
34859		0	0
34870		0	2
34886		0	2
34891		0	2
34902		0	4
34914		0	1
34916		0	1
34922		0	1
34944		0	6
34950		0	1
34971		0	1
34974		0	1
34988		0	1
34996		0	5
35011		0	1
35026		0	5
35032		0	2
35059		0	2
35071		0	5
35072		0	2
35075		0	2
35092		0	2
35096		0	1
35108		0	5
35119		0	1
35129		0	0
35132		0	4
35134		0	4
35165		0	2
35188		0	1
35195		0	1
35200		0	1
35210		0	1
35269		0	1
35289		0	1
35299		0	4
35311		0	4
35314		0	1
35316		0	2
35317		0	4
35321		0	1
35325		0	1
35339		0	2
35342		0	1
35348		0	2
35353		0	1
35367		0	1
35381		0	2
35403		0	1
35408		0	2
35418		0	2
35426		0	2
35438		0	1
35442		0	1
35475		0	1
35489		0	2
35519		0	4
35521		0	4
35530		0	4
35544		0	1
35552		0	1
35563		0	2
35570		0	1
35576		0	2
35584		0	1
35596		0	1
35621		0	2
35624		0	4
35635		0	1
35645		0	1
35648		0	1
35659		0	1
35683		0	1
35697		0	1
35714		0	1
35731		0	0
35734		0	1
35735		0	1
35742		0	2
35763		0	1
35780		0	1
35781		0	2
35797		0	5
35814		0	1
35820		0	1
35839		0	2
35856		0	1
35861		0	1
35863		0	1
35888		0	4
35903		0	2
35907		0	1
35936		0	4
35950		0	4
35953		0	0
35973		0	1
35977		0	4
35984		0	2
35992		0	1
36020		0	2
36024		0	1
36025		0	2
36028		0	1
36050		0	1
36055		0	5
36057		0	1
36062		0	1
36065		0	5
36099		0	1
36104		0	4
36107		0	1
36109		0	1
36114		0	4
36122		0	1
36148		0	2
36153		0	4
36156		0	1
36163		0	1
36180		0	5
36181		0	2
36185		0	5
36188		0	4
36196		0	1
36200		0	1
36231		0	1
36234		0	1
36236		0	2
36237		0	2
36238		0	1
36240		0	1
36242		0	1
36248		0	4
36251		0	2
36268		0	2
36275		0	1
36277		0	6
36293		0	1
36296		0	1
36300		0	1
36301		0	5
36310		0	1
36321		0	0
36340		0	1
36362		0	1
36368		0	4
36392		0	4
36402		0	4
36413		0	1
36419		0	2
36420		0	1
36422		0	2
36432		0	4
36441		0	1
36442		0	2
36446		0	1
36453		0	1
36474		0	2
36481		0	1
36482		0	1
36484		0	1
36489		0	1
36516		0	1
36521		0	2
36526		0	2
36534		0	2
36547		0	0
36549		0	2
36553		0	2
36558		0	2
36582		0	1
36597		0	1
36608		0	2
36610		0	2
36642		0	1
36651		0	1
36652		0	1
36664		0	2
36678		0	1
36679		0	1
36682		0	2
36689		0	1
36692		0	0
36693		0	0
36697		0	1
36722		0	4
36725		0	4
36746		0	4
36764		0	1
36789		0	1
36791		0	2
36804		0	1
36812		0	5
36813		0	2
36818		0	2
36834		0	4
36836		0	5
36850		0	2
36857		0	1
36860		0	1
36862		0	1
36876		0	2
36877		0	1
36883		0	4
36896		0	4
36897		0	2
36911		0	2
36925		0	2
36928		0	2
36930		0	4
36940		0	2
36947		0	2
36960		0	1
36961		0	4
36966		0	2
36983		0	0
36996		0	1
37003		0	1
37041		0	1
37045		0	1
37060		0	1
37101		0	2
37110		0	1
37131		0	1
37140		0	2
37149		0	1
37161		0	2
37166		0	4
37172		0	2
37205		0	1
37206		0	2
37222		0	1
37224		0	1
37227		0	2
37231		0	1
37247		0	1
37257		0	0
37263		0	1
37274		0	4
37285		0	1
37288		0	1
37299		0	1
37330		0	4
37344		0	4
37347		0	4
37358		0	2
37359		0	4
37361		0	4
37371		0	1
37381		0	1
37382		0	2
37401		0	1
37416		0	2
37417		0	1
37429		0	1
37438		0	4
37449		0	1
37454		0	1
37459		0	0
37469		0	1
37475		0	1
37476		0	4
37500		0	1
37516		0	1
37520		0	4
37525		0	4
37529		0	1
37533		0	1
37539		0	2
37543		0	1
37548		0	2
37551		0	2
37556		0	0
37576		0	1
37579		0	4
37585		0	4
37587		0	2
37593		0	1
37594		0	1
37597		0	4
37665		0	1
37676		0	1
37679		0	1
37701		0	1
37723		0	1
37735		0	1
37744		0	0
37769		0	1
37778		0	1
37794		0	4
37798		0	1
37810		0	5
37830		0	1
37833		0	2
37844		0	0
37845		0	1
37847		0	1
37861		0	2
37893		0	1
37900		0	1
37914		0	2
37918		0	5
37930		0	4
37945		0	1
37946		0	1
37951		0	1
37959		0	1
37966		0	2
37969		0	2
37976		0	2
37991		0	2
37997		0	0
38058		0	1
38063		0	1
38077		0	2
38078		0	0
38083		0	2
38090		0	2
38097		0	1
38114		0	4
38119		0	5
38151		0	1
38158		0	2
38171		0	1
38184		0	2
38185		0	2
38188		0	4
38200		0	1
38210		0	1
38217		0	1
38227		0	6
38232		0	2
38233		0	1
38241		0	0
38253		0	1
38257		0	2
38278		0	2
38281		0	1
38285		0	2
38293		0	2
38295		0	1
38298		0	2
38309		0	1
38318		0	4
38322		0	4
38351		0	1
38369		0	1
38380		0	4
38390		0	1
38394		0	1
38405		0	2
38406		0	4
38415		0	1
38417		0	1
38426		0	4
38428		0	4
38431		0	1
38435		0	1
38446		0	2
38449		0	1
38485		0	2
38490		0	2
38493		0	1
38496		0	4
38502		0	2
38505		0	1
38512		0	1
38516		0	4
38529		0	2
38530		0	1
38553		0	1
38561		0	1
38590		0	2
38591		0	1
38598		0	1
38608		0	2
38613		0	1
38620		0	1
38623		0	1
38625		0	1
38631		0	2
38633		0	4
38640		0	0
38658		0	0
38659		0	0
38679		0	2
38684		0	1
38691		0	2
38695		0	1
38713		0	4
38725		0	1
38732		0	1
38733		0	5
38759		0	1
38768		0	1
38773		0	1
38776		0	1
38782		0	1
38785		0	4
38796		0	2
38798		0	1
38800		0	1
38813		0	4
38814		0	2
38827		0	1
38859		0	4
38864		0	1
38875		0	1
38890		0	1
38892		0	4
38895		0	2
38907		0	1
38932		0	1
38953		0	5
39006		0	2
39007		0	4
39062		0	1
39063		0	1
39092		0	1
39096		0	1
39112		0	2
39114		0	1
39129		0	4
39143		0	2
39148		0	2
39161		0	1
39170		0	0
39171		0	4
39178		0	5
39186		0	1
39190		0	2
39206		0	0
39243		0	1
39252		0	1
39258		0	2
39269		0	2
39284		0	2
39297		0	2
39299		0	1
39308		0	1
39311		0	1
39333		0	4
39335		0	4
39339		0	1
39350		0	1
39351		0	2
39352		0	1
39357		0	1
39369		0	2
39373		0	2
39382		0	2
39385		0	4
39386		0	1
39392		0	1
39406		0	2
39431		0	5
39432		0	1
39434		0	0
39444		0	1
39456		0	2
39470		0	0
39474		0	1
39489		0	1
39490		0	2
39491		0	1
39503		0	1
39504		0	1
39509		0	2
39540		0	1
39545		0	4
39547		0	4
39552		0	2
39576		0	1
39578		0	1
39585		0	1
39594		0	5
39597		0	2
39604		0	4
39610		0	1
39614		0	2
39618		0	2
39621		0	2
39623		0	1
39629		0	2
39646		0	2
39650		0	2
39662		0	1
39663		0	1
39688		0	1
39703		0	1
39735		0	4
39739		0	1
39748		0	4
39752		0	1
39758		0	1
39763		0	1
39815		0	1
39831		0	4
39837		0	2
39874		0	0
39887		0	1
39918		0	1
39919		0	4
39955		0	1
39965		0	1
39971		0	2
39987		0	2
40005		0	2
40011		0	4
40012		0	1
40013		0	1
40014		0	4
40023		0	5
40025		0	1
40035		0	2
40037		0	1
40045		0	1
40048		0	1
40058		0	1
40067		0	1
40080		0	0
40083		0	4
40099		0	1
40102		0	2
40108		0	4
40109		0	1
40115		0	2
40117		0	5
40121		0	1
40125		0	4
40128		0	4
40129		0	1
40151		0	1
40157		0	1
40176		0	2
40189		0	2
40206		0	2
40219		0	0
40224		0	2
40225		0	2
40229		0	1
40230		0	2
40232		0	1
40242		0	1
40247		0	1
40262		0	6
40270		0	1
40287		0	1
40289		0	1
40298		0	2
40310		0	1
40318		0	1
40323		0	2
40327		0	4
40338		0	1
40343		0	2
40346		0	1
40355		0	2
40361		0	2
40366		0	1
40371		0	1
